image: 047d9a70-f9e9-11ed-871a-558ffde1544a.pgm
resolution: 0.050000
origin: [-19.313879, -18.283376, 0.000000]
negate: 0
occupied_thresh: 0.65
free_thresh: 0.196

