image: 23bde8c0-f06e-11ec-bd8d-77e48bc54eb5.pgm
resolution: 0.050000
origin: [-18.535252, -12.547781, 0.000000]
negate: 0
occupied_thresh: 0.65
free_thresh: 0.196

