image: 37ea4a60-dfec-11ec-ab5b-1f15702a9239.pgm
resolution: 0.050000
origin: [-27.341147, -16.057480, 0.000000]
negate: 0
occupied_thresh: 0.65
free_thresh: 0.196

