image: 920f0af0-e634-11ec-9dac-d516a9b410cb.pgm
resolution: 0.050000
origin: [-23.535048, -25.292377, 0.000000]
negate: 0
occupied_thresh: 0.65
free_thresh: 0.196

