image: aa3c0350-0689-11ee-991c-5bf0a9576dae.pgm
resolution: 0.050000
origin: [-20.301262, -18.686807, 0.000000]
negate: 0
occupied_thresh: 0.65
free_thresh: 0.196

