image: ae7f91a0-dd79-11ec-97ce-31cf2a72884e.pgm
resolution: 0.050000
origin: [-24.478322, -9.400925, 0.000000]
negate: 0
occupied_thresh: 0.65
free_thresh: 0.196

