image: b656b150-f953-11ed-9a50-13099a664f1a.pgm
resolution: 0.050000
origin: [-17.123737, -17.582632, 0.000000]
negate: 0
occupied_thresh: 0.65
free_thresh: 0.196

