image: cd5b1b80-ead0-11ec-8a30-c5f1ef49c03a.pgm
resolution: 0.050000
origin: [-25.126341, -16.960693, 0.000000]
negate: 0
occupied_thresh: 0.65
free_thresh: 0.196

