image: f714b4f0-e08e-11ec-a3f0-399dadf3b097.pgm
resolution: 0.050000
origin: [-9.650000, -16.950000, 0.000000]
negate: 0
occupied_thresh: 0.65
free_thresh: 0.196

