image: office.pgm
resolution: 0.050000
origin: [-23.945369, -14.401520, 0.000000]
negate: 0
occupied_thresh: 0.65
free_thresh: 0.196

