image_width: 640
image_height: 480
camera_name: narrow_stereo
camera_matrix:
  rows: 3
  cols: 3
  data: [910.707285, 0, 326.400551, 0, 910.753101, 265.73329, 0, 0, 1]
distortion_model: plumb_bob
distortion_coefficients:
  rows: 1
  cols: 5
  data: [0.101311, -0.028169, 0.001211, 0.00366, 0]
rectification_matrix:
  rows: 3
  cols: 3
  data: [1, 0, 0, 0, 1, 0, 0, 0, 1]
projection_matrix:
  rows: 3
  cols: 4
  data: [927.4518430000001, 0, 327.693755, 0, 0, 928.807373, 265.777296, 0, 0, 0, 1, 0]